0.025008425 0.023937572000073636
0.024377637 0.023875098404092295
0.021505661 0.02009740479093304
0.0245649 0.023296483703941724
0.028359301 0.026920422112581187
0.025981836 0.024995818080655725
0.020918526 0.019938557282848747
0.021085106 0.020579813628175
0.024209492 0.02376690274143338
0.019473009 0.019004940372498398
0.022709183 0.02217242745648048
0.021550797 0.020675818935834187
0.02524075 0.024284287283963195
0.021807991 0.020849453519683488
0.022697777 0.022517574658410956
0.024074696 0.022899816642209084
0.025714658 0.024899792676669943
0.023251869 0.022368083005163755
0.021772675 0.020548761488425
0.023173787 0.02185924546037045
0.032260858 0.03085406788519583
0.028280102 0.02746338470597236
0.021577679 0.02053964585208393
0.023449384 0.022563012010338165
0.02284322 0.02204155751747527
0.02218733 0.02101059901595815
0.027685113 0.026193288541362603
0.021800615 0.02103975704909969
0.023892023 0.02296972988587376
0.022224613 0.021734276651368286
0.020722978 0.019507216489627208
0.022420011 0.020981818982569
0.020190768 0.01927432371957392
0.023523532 0.022597839427700495
0.022232793 0.02187557520260252
0.019175343 0.01862929993196948
0.02710732 0.026414821437243333
0.022334293 0.021339179118987358
0.024792999 0.024202616242004503
0.02464711 0.02380099611016682
0.02293291 0.022106430549229925
0.025614642 0.024978024110782458
0.020434953 0.019480072495930277
0.020469323 0.01999749528808806
0.02609665 0.02463870316778024
0.024356373 0.023755649029628182
0.022253215 0.021716470364547175
0.020051815 0.01942415720019888
0.023130745 0.021791586620156136
0.020978391 0.020296105274551047
0.032096133 0.030845718782878527
0.024572812 0.024063818835339503
0.02009929 0.019979149755286685
0.021817945 0.02114133012100677
0.022338107 0.021867012076296523
0.020111367 0.019390238376428993
0.021986224 0.021226996802695366
0.023741253 0.02276391230893826
0.021299206 0.020375838552892347
0.020719007 0.020284885720000864
0.023445092 0.022450602650913146
0.021523423 0.021285022193385333
0.021329515 0.020522820866608654
0.022285476 0.020927804962959144
0.022746257 0.022352610917159323
0.02114144 0.020158771898715185
0.02314721 0.02213885331290522
0.026134156 0.0253531545027703
0.029441878 0.028986581566515856
0.02332633 0.022250763996381904
0.023841523 0.022512174386344765
0.022775613 0.02239771925173298
0.020578317 0.02021390730308473
0.02371975 0.023099051637631134
0.019322805 0.018655786215863793
0.02205906 0.021391345646027005
0.021662422 0.020537210650856844
0.025082022 0.024714266847420216
0.02248723 0.02141414753037393
0.01907222 0.018170153220020746
0.02278436 0.022002599089996615
0.02226805 0.021328700862168395
0.02404011 0.022648481383562406
0.02254451 0.02152302709366922
0.028607883 0.027812468082408726
0.021144219 0.020226965958710347
0.02823732 0.02737802861157661
0.023781948 0.022739951281821564
0.022590049 0.021468365187909264
0.019918017 0.019284027942708733
0.022208236 0.021324092473895318
0.02006752 0.019632467203109964
0.02245751 0.022169226762409646
0.02310092 0.021817573032019786
0.026171036 0.02508509433796969
0.021209694 0.020600289185001484
0.020378985 0.01931892296964604
0.021205701 0.02086113987393583
0.02393704 0.02245848646652572
0.024433576 0.024255432507441856
