0.0245772   0.02393757
0.02428707  0.0238751 
0.02073861  0.0200974 
0.02405046  0.02329648
0.02783696  0.02692042
0.02505464  0.02499582
0.02080151  0.01993856
0.02075799  0.02057981
0.0239285   0.0237669 
0.0194707   0.01900494
0.02212829  0.02217243
0.02091683  0.02067582
0.02496189  0.02428429
0.02111583  0.02084945
0.02224618  0.02251757
0.02322445  0.02289982
0.02502846  0.02489979
0.02269725  0.02236808
0.02149906  0.02054876
0.02250242  0.02185925
0.03113247  0.03085407
0.02757126  0.02746338
0.02146956  0.02053965
0.02264156  0.02256301
0.02219964  0.02204156
0.02140801  0.0210106 
0.02685202  0.02619329
0.02131453  0.02103976
0.02305065  0.02296973
0.02198245  0.02173428
0.02023917  0.01950722
0.02161594  0.02098182
0.01969343  0.01927432
0.02309666  0.02259784
0.02200647  0.02187558
0.01930319  0.0186293 
0.02673005  0.02641482
0.02114662  0.02133918
0.02414043  0.02420262
0.02432005  0.023801  
0.02258809  0.02210643
0.02544822  0.02497802
0.02001029  0.01948007
0.02037425  0.0199975 
0.02510679  0.0246387 
0.02388963  0.02375565
0.02204459  0.02171647
0.01984723  0.01942416
0.02254901  0.02179159
0.02069693  0.02029611
0.03123193  0.03084572
0.02405781  0.02406382
0.02015766  0.01997915
0.02131573  0.02114133
0.02220833  0.02186701
0.01982091  0.01939024
0.02146603  0.021227  
0.02316725  0.02276391
0.02067677  0.02037584
0.02082023  0.02028489
0.02287996  0.0224506 
0.02141594  0.02128502
0.02086276  0.02052282
0.02160505  0.0209278 
0.02261946  0.02235261
0.02097194  0.02015877
0.02282213  0.02213885
0.02566994  0.02535315
0.02965615  0.02898658
0.02271319  0.02225076
0.02299211  0.02251217
0.02250474  0.02239772
0.0208497   0.02021391
0.0232423   0.02309905
0.01943034  0.01865579
0.02144726  0.02139135
0.02107216  0.02053721
0.02494213  0.02471427
0.0213131   0.02141415
0.0190982   0.01817015
0.02218164  0.0220026 
0.02175898  0.0213287 
0.02316024  0.02264848
0.02178415  0.02152303
0.02780593  0.02781247
0.02067166  0.02022697
0.02758046  0.02737803
0.02322794  0.02273995
0.02203194  0.02146837
0.0200417   0.01928403
0.02125935  0.02132409
0.02024051  0.01963247
0.02261138  0.02216923
0.02239905  0.02181757
0.02536992  0.02508509
0.02084202  0.02060029
0.01996246  0.01931892
0.02117077  0.02086114
0.0226037   0.02245849
0.0243355   0.02425543
