0.02098344  0.0215306 
0.02164216  0.02214956
0.02125255  0.0218722 
0.02159271  0.02242645
0.02158815  0.02195061
0.01990073  0.02005123
0.02130811  0.02155722
0.02011219  0.02093389
0.020712    0.02101985
0.02492533  0.02511566
0.01958674  0.0196522 
0.02232339  0.02250565
0.02135593  0.02183587
0.02157689  0.02192835
0.0189808   0.01892804
0.02381389  0.02475161
0.02078101  0.02137137
0.02367888  0.02405763
0.02833054  0.02860952
0.02263354  0.02294572
0.0202194   0.0209792 
0.02492527  0.0255826 
0.02170202  0.02232878
0.02391687  0.02463234
0.0198323   0.02032568
0.02581528  0.02644813
0.02226408  0.02260375
0.02133077  0.02205218
0.02188964  0.02225053
0.02275082  0.0232525 
0.02270383  0.02316521
0.01892248  0.01891476
0.02678879  0.02728417
0.02071501  0.02142592
0.02299018  0.02330152
0.02217763  0.02278707
0.02009496  0.02060203
0.02125735  0.02139912
0.01974676  0.02011475
0.02767343  0.02811813
0.02547414  0.02591102
0.02123518  0.02156658
0.02695943  0.02668377
0.02435355  0.02412091
0.02131063  0.0216023 
0.0214815   0.02165705
0.02223188  0.02231389
0.02019154  0.02095646
0.02107163  0.02149313
0.02381135  0.0241544 
0.02205074  0.02274689
0.0216041   0.02216159
0.02224479  0.02270364
0.02024083  0.02073166
0.02039397  0.02108495
0.0252774   0.02581438
0.02326979  0.02353294
0.02443691  0.02475259
0.02240739  0.02281719
0.02068319  0.02107707
0.01971544  0.02009696
0.02054532  0.02085659
0.01910048  0.01941037
0.02364524  0.02411711
0.02757657  0.02802605
0.02089686  0.02103849
0.02513802  0.02561538
0.02055126  0.02149976
0.02047775  0.02074093
0.02324811  0.02374669
0.02290343  0.0236761 
0.02126478  0.02124009
0.02077039  0.02121879
0.02196857  0.02234411
0.02701403  0.02719745
0.01947743  0.01964811
0.02012528  0.02051449
0.02658813  0.02706665
0.02200726  0.02208495
0.02032569  0.02110534
0.02549283  0.02578761
0.02227573  0.02266942
0.02006806  0.02066111
0.02037325  0.02067618
0.02418797  0.02438131
0.02012552  0.02059762
0.02232523  0.0226618 
0.02136601  0.0219037 
0.02201051  0.02301914
0.02116104  0.02168443
0.02221056  0.02273719
0.02124182  0.02204372
0.02514692  0.02595268
0.02645182  0.02723576
0.02100542  0.02160766
0.02208336  0.02285233
0.02254885  0.02279627
0.0232692   0.02396892
0.02245865  0.0232707 
0.02153172  0.0218947 
