78.70251 1.137495087605032 1.4247182585060536
61.425808 0.687892991812717 1.1074738444988508
78.276794 1.1589736846966332 1.4590073365574658
93.15039 1.4871829090363917 1.5714508027845056
75.78758 1.088695981094176 1.416166344230669
95.38114 1.4915140956744324 1.539664711367294
101.790054 1.3816622984990943 1.3391870793338083
100.09622 1.378246684995517 1.3582201551688367
91.78877 1.3837262083333428 1.4851229990430794
72.27588 0.9231367347257873 1.2611327169391993
98.980865 1.5862342773527303 1.5772894726042541
105.20941 1.6740789976717707 1.5662652744406653
105.78308 1.7289685899607292 1.6081626158885107
103.37168 1.5975445165553879 1.521917024200563
68.420006 1.0085279768919122 1.452613100194403
77.78389 1.154534182431405 1.4625756692579834
86.35344 1.2921652015290448 1.474306907254728
63.829697 0.836713341680607 1.2938917464569601
86.88484 1.2336409731914557 1.3999798143387456
73.63568 1.2730373801076382 1.6994515525667986
57.72087 0.6595969890022957 1.12982477195373
70.599304 0.8620891134960829 1.2063704239904527
88.86127 1.4517068205138912 1.6074178024021426
85.8692 1.2664618185688 1.4534368225451315
76.186356 1.227585418952856 1.585742054906982
70.07722 1.0402432326061728 1.4627114462624329
85.368256 1.2771934539073584 1.4740456280492906
111.57636 1.3797296873694904 1.2214743439768334
92.24697 1.3270967093641843 1.4182312899307836
62.7981 0.8568324700234626 1.346058260162883
61.412525 0.8094932409319071 1.3009755413183317
85.671814 1.4250369786552284 1.636152126303247
61.708412 0.8003394079303874 1.2803637694272993
95.805176 1.4885310758573667 1.5299356185940494
91.84644 1.3176355569565033 1.414317164805046
88.54312 1.4128730631568658 1.5706269188220032
106.74356 1.714894567953877 1.5811534124084825
51.88045 0.6408469238115799 1.2201658121086039
73.46587 1.0872662481558137 1.4583775393572596
83.85623 1.3549627855342266 1.5901229807686341
79.417755 1.1650813000527762 1.4458181812800028
88.058136 1.4337862211312142 1.6021403784437935
81.04263 1.2314665571378214 1.4967852129877184
48.535778 0.6459235154009733 1.3133411307437366
75.32159 1.159298785851476 1.5158019940120027
53.971443 0.6124750719531633 1.1220797106721192
111.933846 1.8850891538198766 1.6562175346499293
106.522575 1.5665256164528216 1.4492910034723656
48.077724 0.5035626953899595 1.0365363392134688
70.33778 1.0390978586127915 1.4557904944439621
81.62103 1.1786402654258836 1.4234842035025215
81.800415 1.1969747514408624 1.4421836089811841
54.367626 1.0534427241444817 1.900798279031563
89.87912 1.4689399262470317 1.6080691034648402
66.67114 0.8186541162807544 1.2130042708346354
54.72106 0.7302383716613576 1.3169003623566706
89.34978 1.5136963281785256 1.665901895493723
105.63012 1.3731254976565026 1.2832559423301275
52.54506 0.5903570108201706 1.1110424136555155
79.51732 1.0108959764203576 1.2553314141647944
79.21277 1.2228658039122706 1.5203035491216064
70.32207 1.0622338390244863 1.4880496448930818
79.74582 1.2807733107480743 1.5806826780831607
105.71095 1.807512037107955 1.6811177880368424
69.25364 1.0341797138344475 1.4713498434066428
98.18294 1.5567008895555716 1.560764519288005
101.79246 1.9192941285767802 1.8506042921340184
85.71454 1.2724090110427682 1.4627585475345
76.27127 1.206970992915302 1.5578192867228338
71.62833 1.0567013539524623 1.453808832950696
67.801186 0.888363366612424 1.2933020814300644
54.49017 0.5910063576232716 1.0729733854649743
79.70622 1.1629698043278722 1.4380875716673875
95.88823 1.4762060432799444 1.5161655660120243
73.1544 1.0386598162196634 1.3999419449518506
55.075443 0.6393332743958098 1.1475111524702117
107.11275 1.807195627708964 1.6591962692213258
104.69679 1.696895964578971 1.5949216419059398
66.66603 0.9094967848517683 1.3458966821709784
66.94672 0.9013811435719816 1.3285282527007827
71.716705 1.0650959822404218 1.4634097578655008
68.97118 1.0553405977306625 1.5070583713186032
75.84445 1.0058172061587243 1.3088011503422066
87.50654 1.2956424523677157 1.4590209835627357
96.07657 1.5013142120371157 1.5385804331038675
105.45546 1.6173296136713589 1.5104954541937987
96.19609 1.427703113254438 1.462454036575564
99.506836 1.5618519717909578 1.5453371406114607
76.95185 1.2711343933860064 1.6250139121677003
78.68391 1.0747397476775404 1.3474899556301676
50.784313 0.5673825228045288 1.104895397897293
68.67118 0.8583498522013429 1.2345112142632375
80.41667 1.3765092660407987 1.682914454349858
74.46339 1.0945611871120633 1.4486380587364769
90.438774 1.33443394918541 1.4540561209770597
96.08476 1.5144825709804195 1.551735947078756
85.120514 1.2373329844554917 1.432797399269969
73.160255 1.1070004282029515 1.490563257493711
87.86739 1.3462205259796178 1.5089855295889867
76.06088 1.1679905080355866 1.5123754387561865
89.269104 1.3804522358774278 1.5228450012771093
75.41792 1.1749946240715303 1.5340773806829724
96.71188 1.5681205972928467 1.5955642360614062
118.052444 1.7264040350108303 1.4413262915208727
62.4586 0.7872490054850303 1.2447441676951096
50.63164 0.6760407873388985 1.3176209851565583
60.20496 0.7618364443118395 1.2495923853238255
92.52834 1.5291761527865333 1.625788308364648
53.839413 0.6419806618784207 1.1783484642938329
123.05803 2.0586182880383603 1.6453592146078926
98.93701 1.5644460913407556 1.5566401974954027
90.63618 1.3716931879332037 1.490843320459823
81.07182 1.25706181276405 1.5268782199453714
77.91785 1.1782335411859748 1.4896231746197692
84.36316 1.3257460637202172 1.5471618641343425
102.721375 1.6028886429029825 1.5364485637701548
80.59128 1.2176701833298864 1.488431533757628
83.70987 1.3124371438151456 1.5436386019167356
88.25616 1.3739625251976975 1.5329250185999341
94.0354 1.5225720428827998 1.5933490467707996
86.85321 1.568543212161316 1.7739336161191837
93.55545 1.492829935120369 1.5706017291815395
82.62674 1.2525946681203664 1.4933292932209132
78.940384 1.2552049957492954 1.5651795976044987
52.03903 0.568471612502151 1.0805904383918634
75.63724 0.9706502460778381 1.2670369514382844
72.20903 1.080375633730597 1.4741225176508035
78.32273 1.0160339946955332 1.2806274392248234
47.02979 0.7235953363384056 1.515275507348717
94.06692 1.3625795111859986 1.4278389334658643
83.076904 1.1622723093748277 1.3797289529639076
99.477615 1.5821766688997059 1.5655847268149021
84.67684 1.3107612083311437 1.5243606792739406
82.51634 1.2165336189960385 1.4528745222630524
79.418396 1.2206614801864788 1.513734805922717
92.70619 1.343957551827046 1.4289797070968133
83.62882 1.4073946256776395 1.6550531951185863
79.470985 1.2178752797533434 1.5093474728771248
77.229034 1.193897024858984 1.5223825516394558
78.21896 1.1275108839337236 1.4209968255546495
99.09233 1.6134669001568653 1.6021588973815497
80.32536 1.2925146520980206 1.583617078462465
72.114494 1.5906290292721224 2.1580983205929654
106.51227 1.7043715176815795 1.574962523538007
97.49008 1.5386605413612386 1.5537514717268868
75.02126 1.0793889979210007 1.418370234478614
70.78737 0.9863554034743913 1.3742569648883578
117.13646 1.7377487626686303 1.461838350176879
91.87806 1.4314600964231232 1.534098668972626
73.55286 1.141664944257215 1.528445357194077
90.64232 1.4821890085668912 1.6088976158701438
73.27938 1.1512871084129017 1.5467913170619967
85.58266 1.2910770816103536 1.4861535507071546
72.39914 0.9426787257455942 1.2853222755865275
67.26576 0.8637714115455708 1.267836963091135
49.001724 0.5103504970870603 1.030759667746599
60.0733 0.7464753587758821 1.2273563354005774
62.852516 0.8884661753362337 1.3938695994086376
69.21385 0.9393075367835735 1.3389383228642477
79.64874 1.0348155782287876 1.282560661208018
63.789318 0.6688470262053272 1.037645153339921
64.635864 0.7587654329064719 1.160287070199831
62.235863 0.8944074549891994 1.4167648139964284
62.2063 0.8451529451720745 1.340417899037188
95.70427 1.5222186417596504 1.565641907133499
68.02227 1.0136509085541547 1.468294899580676
70.39979 1.03318297896638 1.4463670854121535
71.723 0.8740758498846901 1.2040097273837551
63.324867 0.8641725592055138 1.3462930148104533
59.19584 0.7152834542699367 1.1939076181937112
91.58917 0.8712242050924743 0.9422674327902228
88.38689 1.3715095052692305 1.528001351217829
82.05383 1.216641255987895 1.46107160640587
95.45754 1.5530352904359574 1.6008927346877933
88.08435 1.3963426169818831 1.5604959762832125
61.99342 0.8178873161703848 1.3021338923056207
93.70357 1.4547936012974816 1.528813216606561
94.73889 1.4499290722523313 1.5073779490125723
102.60224 1.3371494637090393 1.286470366146959
89.553085 1.3390297172502272 1.4732077877119953
69.73984 0.9669606686912147 1.3675639284089587
70.53443 0.9152853603519304 1.2810202770782617
64.094574 0.9077817317654677 1.3965366668648913
80.82585 1.1890487760320525 1.4497960405899402
60.887592 0.8081524469676964 1.3098998157439459
89.61188 1.5054328030036572 1.652191882053516
67.93529 0.9891219598880525 1.4350822415301996
73.705826 1.0943554451627193 1.4630384938413812
93.69182 1.5216032951664147 1.5980974852872971
70.93103 0.8866833443496205 1.2346304270678081
53.083244 0.6035263210711435 1.1241620865299369
51.46236 0.39610520429221197 0.7638197540428252
94.12616 1.0421728993065074 1.0950837018918946
93.116425 1.4214376390813328 1.503564398441541
76.93628 1.142250952892681 1.4629514019266259
72.969215 1.058462093909526 1.429819399772128
79.19321 1.1777981187427002 1.4654515271053192
48.55927 0.5649783098082182 1.1501006963096583
75.42857 0.7644935134290023 1.0033636160185415
94.61326 1.392662047988793 1.4506001734519685
91.43195 1.5246969154288905 1.6402235985916027
87.573265 1.3212093166582264 1.4862670888034941
71.73082 1.0696554109336915 1.4692972941071867
77.38988 1.5258629941924937 1.933534410410792
65.6561 1.2545009718282643 1.8748912760125847
90.77824 1.3471950596550357 1.4623487113908782
78.83089 1.1410041881802755 1.426756543454134
57.43811 0.816027300860199 1.4008057345713052
44.690647 0.44169143724566595 0.978658432764578
83.779465 1.3755293857448834 1.6153243860361592
69.887405 1.1965227958648228 1.6832536218926113
85.047264 1.4061348799970688 1.6264656989792903
87.022766 1.2966412754587253 1.4681272370312992
99.823944 1.591760417023437 1.5695403633319913
95.59053 1.5778023553247067 1.6237824717757015
93.554756 1.4654311588960525 1.5422313933225094
49.277676 0.5555504054510294 1.1148192675118596
61.241764 0.9077104260305617 1.4605279182351454
105.23812 1.7105729844807627 1.5994332611539233
69.172485 0.9184381888466362 1.3103525284798596
76.487976 1.1281304509946324 1.4534746736209478
67.585266 0.8288445692887763 1.211511135669768
45.756786 0.35879426094079747 0.7780326219798415
95.28549 1.4724965741107354 1.5218346274787111
79.56776 1.2548651900564636 1.5526162866824618
76.90599 1.0474166560515528 1.3436444831760301
65.72509 1.050128161212129 1.57263156857761
90.06792 1.3166760857211273 1.4408075181309963
80.6042 1.1634934058141653 1.4229255162330396
64.01977 0.7641152131148772 1.1794835042806397
63.513756 0.8290746698619813 1.2885268861022665
105.14406 1.6791938302158655 1.5719366316501904
93.374084 1.4696609986393412 1.5495602702490627
73.19098 1.0446078858820158 1.4071524583389676
74.314835 1.0941473250323668 1.4509509307480444
107.47385 1.6141985764811864 1.4797208771164656
60.29207 0.7894515250760819 1.292455598668461
58.280975 0.7479915463092297 1.2671601516033721
77.2933 1.4902527988722056 1.891578643251919
83.84343 1.2379798859404758 1.4550533352977255
55.386383 0.6327842706674218 1.1295852845691159
86.38431 1.2422925071024906 1.4177116330876776
77.54077 1.2079865703884423 1.5339753924098518
76.86285 1.0824036611312096 1.3886717415573704
82.23719 1.2807325584510352 1.5334822939033321
63.965813 0.9584176289502864 1.4762094588471666
86.68379 1.3342871700617138 1.5159239793811519
83.71067 1.3413153791596812 1.5770535699421817
88.966805 1.3501918042307892 1.4949476393313639
57.787716 0.7340493514219233 1.254318539639848
72.0853 1.0378304707234065 1.419291695883917
60.840504 0.7848104451342763 1.2735195854415606
93.48385 1.452825078727173 1.5303096504892684
45.02035 0.30596276524562427 0.6750223811785585
64.99365 0.8933774251948847 1.3559230524244519
70.317604 0.9812871190665646 1.3763006728029776
60.478024 0.7016376609486912 1.1468479022295726
91.08069 1.5070821292857488 1.627733467848026
75.24637 1.0640662067384028 1.3943914906364057
63.47727 0.8750886680312817 1.3598393444509802
69.87922 1.0475878473042144 1.4769984622944936
69.32961 0.9544271580790991 1.3579571686156338
104.41671 1.4287590680365554 1.3498537839813751
56.05879 0.7881511208369361 1.3864442463794917
86.54091 1.3683921131711259 1.5565953758555362
56.523098 0.7382230777654755 1.2892176847732466
77.69551 1.2186177691656894 1.5442326871864525
80.35418 1.2831741497384996 1.571797828103943
78.99417 1.1594971848632127 1.4465927874024056
66.71651 0.9479409684913378 1.4009439189115138
86.71953 1.265497752647562 1.4383103703963442
59.107258 0.7247517161103758 1.2113110046791131
106.18064 1.6304395877179303 1.51231169949656
90.35834 1.4107315411676211 1.5372625628750791
84.26646 1.2799421956196682 1.4961964659876485
95.972244 1.4815133255567616 1.5202218592906838
95.186554 1.5086111283146408 1.5601722454411966
98.015114 1.5628662815788488 1.5694898408450748
71.71713 1.0278593309877806 1.4129623279221302
63.38827 0.745699305652181 1.1627212509073412
65.47357 0.8947393365190237 1.348142391304777
56.85114 0.7629292837103492 1.324206579276759
86.83565 1.3560897978160114 1.5376608263881146
62.643253 0.9223424407632734 1.4510088824488054
62.08477 0.8399635196004738 1.334870201133066
88.56242 1.4027068678304886 1.5591672672319363
92.43088 0.943132153249806 1.0100585322168918
98.00866 1.5767441684714072 1.583308509641572
63.673992 0.916488755566462 1.418922328210136
70.94673 1.0129107897710128 1.4076095386128817
66.964165 0.8724845150948113 1.286155086894877
73.30821 1.0207420263188425 1.3732764517424567
70.88929 1.0950683161551638 1.5212587066997139
93.38341 1.558836630512829 1.6418788530495856
57.736 0.684304702726017 1.171347368852652
120.56052 1.6283591466015537 1.3326574451926558
82.95272 1.2616694265340271 1.4981637051647934
68.26582 1.0010321096243047 1.4451819745184702
83.766754 1.3006850158816121 1.5290045505417202
86.360634 1.3729409166822109 1.5648979542117918
65.07929 0.8805650121789625 1.335001390385927
95.818115 1.5461428325443904 1.587998371519158
97.57882 1.5196600967209264 1.5334847783305938
84.89629 1.2587979156506748 1.4610836027439822
96.76429 1.5845377122410014 1.6111404186717277
63.33176 0.8773962642486595 1.3664659524308145
62.419838 0.7537261236865334 1.193103689365332
105.23661 1.6318388364497594 1.5269603404152559
98.244705 1.5722192079483506 1.5751028367891482
65.79627 0.7737219336875256 1.1622682904689774
76.829895 1.0832914419471251 1.3903826696687898
80.69635 1.489295662571962 1.8121116513665836
116.09767 1.7825850109180692 1.5121998064366766
91.44507 1.4359851016066614 1.5460473886742718
51.941624 1.3421043187277917 2.5187883223275547
62.550743 0.8930017318268639 1.4075488988731224
68.33902 0.9331046471351812 1.3470131815847062
57.222115 0.6871207088363107 1.1865477166310041
81.32779 1.23405153867634 1.4946996409496087
55.69117 0.6485431353327158 1.1511296423926798
73.09323 0.9668105950714221 1.3054416006560554
66.16642 0.8325804817952758 1.2426759742988596
86.86941 1.4343716857290616 1.6243604707039165
79.983 1.2029373868832351 1.4817065618502712
114.54643 1.8929164151263649 1.6256672961865375
83.5249 1.4936662963195175 1.7568706697980656
93.55757 1.4753479539761258 1.552459888460288
56.11268 0.6540609752678108 1.1521904921667991
63.15814 0.8078870196656567 1.2629939345804233
58.030827 0.8728979789349793 1.4819062557419496
110.94028 1.627432335277291 1.4457363869686433
74.61935 0.9134385147122828 1.2093271989103382
50.78297 0.5858403740579377 1.1404592882441111
63.33964 0.8287001354722889 1.291447018005333
88.70118 1.3822408227142517 1.5344009116162458
57.75984 0.7194109641678637 1.2301987040329674
101.99376 1.6211359687330429 1.5645781108911656
73.89372 1.6803541260966313 2.223453067974919
69.18702 0.9262630079623762 1.3210949150231848
84.24359 1.5174839774601452 1.7694320790622269
93.23277 1.3904071553595543 1.4694149526750047
104.30561 1.7402327039724241 1.6410192505642036
54.544712 0.6290918425085081 1.1402002362285526
89.428535 1.29216696330667 1.424335271630786
102.371376 1.49725554805255 1.4414896251116114
113.41757 1.585083148560642 1.3783013498400618
103.35968 1.5368210679655476 1.4650832484817145
65.41152 0.7924173576654994 1.1969338477614104
89.368195 1.341550738573062 1.4789488536875217
88.797104 1.3578296503963543 1.5061068731317977
75.52897 1.1395951478309172 1.486391669527459
78.48662 1.1291916787099012 1.4183008157188701
95.99608 1.493678301825284 1.5321387097069654
95.040634 1.4721765521005352 1.5253690585845252
64.28721 0.8722353268517367 1.33861689858003
65.6989 0.8641786525141129 1.2982853135384558
90.9928 1.4134783546903833 1.529634579728619
89.27772 1.1970140166183398 1.3230368251530507
102.90797 1.6107708713165039 1.5411311981704214
84.014626 1.2970651721231405 1.5203838549611315
91.51043 1.3599638641097158 1.464367508922911
82.19304 1.1792110731543914 1.414392766132927
110.00479 1.5203628633244648 1.3632465924650894
73.27419 1.2702609122635806 1.7040314186153915
73.40344 1.1498671146934498 1.542342147442719
104.98988 1.529006562345458 1.4354323092908168
51.92163 0.7183317636823219 1.364612982015452
70.06727 0.9220824303079667 1.2989024690213358
91.58461 1.3998354914802889 1.5054512443471784
63.811527 0.9571336214193309 1.477772750755169
72.617836 1.070755694034105 1.4530820435561123
85.12103 1.278162721131963 1.4793687773158934
60.937634 0.8065743568875376 1.3063158224798554
73.20452 1.052180780446335 1.416950595271707
94.706696 1.467937484401972 1.5263250173000695
83.20367 1.312153413137267 1.5525536066293864
81.08412 1.2539816232389995 1.5229663698393838
80.41922 1.3443966882851157 1.6442480692753538
94.83273 1.467332173152741 1.523708388113096
65.187325 0.9914939011139552 1.4982042966466877
89.56082 1.4459988919600022 1.5888906844614774
92.01921 1.3664268222438807 1.463208751163078
75.467354 1.0256910641861055 1.3408945424101106
91.12907 1.3356706027615388 1.4445188999452852
64.00073 0.8429182556903356 1.2999241203764753
103.05344 1.7182036471983082 1.6399510863853533
74.16142 1.3487609946129737 1.7861974744241127
67.64114 0.8769145123426796 1.2798297762032647
68.49869 0.9500795412953096 1.368029381127043
86.247696 1.2847084238702706 1.4676946594331544
88.27569 1.2931086662882478 1.4437044059347381
88.682724 1.3945702295816602 1.5481928509557719
90.37915 1.367593852818402 1.490618401879842
61.509766 0.7145460824833663 1.1483390701731648
68.39415 1.102717099897518 1.5867148396759572
83.14426 1.2657276301610665 1.4994999013775518
100.25217 1.8337422527881984 1.7962736196757558
92.34172 1.4114776815619905 1.505524832985677
71.25939 1.1016338203100844 1.5224132205145222
94.81903 1.48912067230944 1.5462041895067404
77.84544 1.1891585693290097 1.5046049892067588
88.31132 1.356899288389826 1.5132444224264294
100.4362 1.5448548813748175 1.5148449265229478
78.09559 1.2192080682095678 1.5371760606249576
61.96655 0.8012868199229999 1.2765882565191928
93.451996 1.5319735458669044 1.6128758943399837
67.868004 0.7987919647196549 1.1632870811835494
81.91994 1.4197701210003544 1.703593842320297
64.38628 0.867165414610497 1.3289190463430889
83.57509 1.300260710385814 1.5319650787507408
104.74656 0.590840218786596 0.5609026066392175
93.234634 1.5041197730007525 1.5876499391826586
63.86897 0.8648204306283702 1.335964476544562
88.29799 1.401946423784139 1.562929135740047
76.45691 1.0524030987066055 1.357776333928285
76.93513 1.1667200786197185 1.493844407529377
73.69809 1.002460812868236 1.341972458479757
83.9491 1.286057184373604 1.5088342380711797
72.69091 0.9395212938880064 1.275995906920395
85.36502 1.1789447424518755 1.3622495060364357
87.69864 1.5802227739450814 1.769985351552455
48.365948 0.5862085018235206 1.1975131373714674
76.33592 1.278556792169823 1.6473173666732157
63.281178 0.9350900766424104 1.4561576242720662
96.88981 1.2020711313027874 1.225454271978661
81.177444 1.2295251292530622 1.4920159489072293
58.325558 0.7320908748455395 1.2396207644626975
84.94411 1.2891883370132575 1.4950006620328367
83.71655 1.2710778262002407 1.4956033222908542
75.54529 1.097360297101119 1.4317880713317965
55.80137 0.6760405183154106 1.1970104994405908
92.00555 1.4911461006466311 1.5948650781714564
85.540825 1.3987340473768768 1.6088579979824769
53.262196 0.6455166792626557 1.1974477345141363
74.16746 1.0417285516167993 1.385108129990822
75.589676 1.1689541479378107 1.5228960537169602
84.29944 1.142587731823454 1.3372666620016456
54.926723 0.6693862474764956 1.2040163435085993
93.04702 1.4059706256352058 1.488540084268563
75.329636 1.1355701739352355 1.4850809098634006
86.574295 1.2736958404236987 1.4498861358140978
105.00235 1.2024485416076942 1.1321979418802868
69.35231 1.0675939325154786 1.5160400258421702
98.47071 1.4363999501723157 1.4377354525043395
73.34398 1.0141844180035235 1.3639180595598617
80.22193 1.2533159934109932 1.538278228815222
96.20653 1.5250485075507072 1.56044603655686
103.25587 1.7778872335445044 1.6926817920998556
102.534424 1.7171702165963438 1.6471404896309982
79.425446 1.1163236343608673 1.3860182680039617
63.352116 0.8104604071208001 1.2631357048974703
91.38786 1.7105985877153103 1.8374080039752771
100.84607 1.6759915004864752 1.6347618130312005
102.33862 1.1379053383511177 1.0996748307160857
66.63599 0.9330560706370932 1.3808928431020466
89.58942 1.414254204970348 1.554062813020574
78.749054 1.2125943191947215 1.5164698894593271
56.13278 0.7141434853489486 1.2562570928769663
97.29573 1.6330316211038678 1.650714700751642
75.21326 1.0785418423524789 1.4137061401586732
86.076675 1.184309394208043 1.3572037913587023
99.07744 1.582128323570771 1.5717615084027268
86.23205 1.2976858091152508 1.4825656975391555
78.01544 1.1831967850178984 1.493961013402401
71.13309 1.0238378360009648 1.4189044725550641
78.32462 1.2781338902885864 1.6056402296688144
105.52196 1.7125539874947293 1.5970175696021216
31.987051 0.4420258960995511 1.3630542040332143
108.148254 1.8083578477320543 1.6446103702683808
71.44043 0.9856813792873709 1.360947543322366
77.28767 1.2346466087711008 1.5723513008060246
65.33005 0.8399306574703758 1.2693530804981645
61.22995 0.7718144409663523 1.2448265763614588
84.73657 1.2922286848007616 1.5020884523839992
77.10527 1.218788690689081 1.5560846884860062
80.14954 1.2259924872645485 1.5065860623099852
95.39667 1.3729775668503237 1.4188101714943315
81.83236 1.3128392007517675 1.5789717556803913
106.80577 1.8384862172911767 1.6922074544133006
97.91107 1.3839186917707451 1.3937447249176285
65.41642 0.7714516618815139 1.1655483742121802
71.100204 0.9848965822827722 1.3662970127472747
75.10266 1.0002726964738713 1.3143681145298247
75.58385 1.0762865364907555 1.403971642358325
74.13255 1.2977303452058209 1.7204367873527076
50.58987 0.552107386091393 1.0795581426861924
92.1978 1.3878091892132147 1.482930127765563
69.05668 1.0728929824829123 1.5298724284805685
56.306377 0.7333791184258658 1.2857332552760092
83.32478 1.3462119929722292 1.589932878329325
98.622635 1.5195750262904113 1.5174171087252883
76.29944 0.9911160465253488 1.2823249265591534
72.95912 1.109052960915875 1.4973407484816597
89.152176 1.3457201865889488 1.487018201231973
92.308685 1.4172196645719168 1.5120896032599258
81.28409 1.3259750958393397 1.605101175310684
85.3871 1.2592593213067005 1.4533320591621057
47.83545 0.44226981236406004 0.9160950874233011
76.24191 1.3196638513340702 1.7014402073790527
79.08505 1.2307289843930107 1.532362584035631
